[gd_scene load_steps=8 format=3 uid="uid://bmikpjn07eagw"]

[ext_resource type="ArrayMesh" uid="uid://dwwy088xqw7cp" path="res://assets/Small Building 01/Package/SmallBuilding01.obj" id="1_82qpg"]
[ext_resource type="Script" path="res://RTS_cam.gd" id="1_cttvq"]

[sub_resource type="ProceduralSkyMaterial" id="ProceduralSkyMaterial_74kfy"]
sky_horizon_color = Color(0.64625, 0.65575, 0.67075, 1)
ground_horizon_color = Color(0.64625, 0.65575, 0.67075, 1)

[sub_resource type="Sky" id="Sky_ujxii"]
sky_material = SubResource("ProceduralSkyMaterial_74kfy")

[sub_resource type="Environment" id="Environment_v3tk7"]
background_mode = 2
sky = SubResource("Sky_ujxii")
tonemap_mode = 2
glow_enabled = true

[sub_resource type="StandardMaterial3D" id="StandardMaterial3D_5t6tb"]
albedo_color = Color(0.266667, 0.32549, 0.266667, 1)

[sub_resource type="PlaneMesh" id="PlaneMesh_guifi"]
size = Vector2(20, 20)

[node name="World" type="Node3D"]

[node name="WorldEnvironment" type="WorldEnvironment" parent="."]
environment = SubResource("Environment_v3tk7")

[node name="DirectionalLight3D" type="DirectionalLight3D" parent="."]
transform = Transform3D(-0.801789, -0.510196, 0.311184, 0.38714, -0.046757, 0.920835, -0.455256, 0.858786, 0.235006, 0, 0, 0)
shadow_enabled = true

[node name="cam_base" type="Node3D" parent="."]
transform = Transform3D(1, 0, 0, 0, 1, 0, 0, 0, 1, 0, 0, 9.14006)
script = ExtResource("1_cttvq")

[node name="cam_socket" type="Node3D" parent="cam_base"]
transform = Transform3D(1, 0, 0, 0, 0.867166, 0.498019, 0, -0.498019, 0.867166, 6.7234e-05, 7.0114, -0.00452423)

[node name="Camera3D" type="Camera3D" parent="cam_base/cam_socket"]
transform = Transform3D(1, 0, 0, 0, 0.998713, 0.0507148, 0, -0.0507148, 0.998713, 0, 0, 0)

[node name="MeshInstance3D" type="MeshInstance3D" parent="."]
transform = Transform3D(1, 0, 0, 0, 1, 0, 0, 0, 1, -0.0851555, -0.0292339, 0.111292)
material_override = SubResource("StandardMaterial3D_5t6tb")
mesh = SubResource("PlaneMesh_guifi")

[node name="SmallBuilding01" type="MeshInstance3D" parent="."]
transform = Transform3D(1, 0, 0, 0, 1, 0, 0, 0, 1, 1.14855, -0.0341187, -2.0027)
mesh = ExtResource("1_82qpg")
